197 7
02040594445027818122735691494906059882390135426110069020346967544781810047065327
8477084280838987478800527
61210501722624849
6282540151206316818655082998089879282091688798037446897622980495568173555669
32073611287390255844448694382379
637623552043602900618239444562089
4371436783985887855824270644092344965734773772378636974
403
5397157
7971
2243014896203726168678068106212773598526059943372081
22342210709903142685750456128636538479
774818149
8851945082012380637963791777133359600798791869667899002790200708477266575441592629171486891
0415329453616115331060846009506062095276001572428681931151209
0617840191926333448785285254198571786943971624742953360230057294651699666015604779575
97841635211503744141806613676976291403660604476049036443134964787726307327093738962813602680589
55287743836127464901976186780791451018014
054554265
9014771825056249809020059990935583222168719596889503578590964942899138677533666420077384
15262071741591100548962198410894538031945308770000797
03720315121041470510479197277997749509787436468143914929604419958074710352937431
72994697009292713089114086712255493690842519385324081804528940376820283833914164004977963570
88048523558762188868534822
32226294639194
54182189
44452406583279513462071987308529677063807174418548713486510378
6576832306942713793264121803574248028734769662753328206029895
9295533170533050793698030234840017253910863392054640248628332248567754594921212213345149451
8434374898737585868381852226
286776905266568121232006949535097106009117789
101340355644287290085338672788492443059051316833
0497
080
44699502255347679250088832944749629172196288986698695135894558259271360302798869866529035827
92961316776201505930506130960408030228
2051209223337602336144339873694595177211428196572016696388738278065667486
507042886089718552730788844676038515791962104273748352769610489
6950523017190356050833693446382528347100313743952391042384555879751167951941352
1885293872998344958408845022603625115785188650459560967823478269312
165508681135067281715572131099083681569961787765648897
3576408796536824440117801788451827952965
097123420291096774744
694351849938719293289254244935474250331378590
8822291112238335905466885187575540111961807
972809117278737861365476590887
7267199285344545735398671418303508900770922494291445325
140980864805850
85068882785107151860595159138582739216424089862208736
2724792958796617947023005917944379850129745456933907
78096331245995420
532581762369138137322527888771955870801085958586089946826883846998277289046225976785616430106552
82469266085662075666805956377962396180275699750075260261868532108689441801943011773517003587500030
194868120542923236001521398006012739454237055766037134739879442036175053806248630545958852
7570128849599211717196513983654178541805679365903754051523
8649572946554780480819072537432342468854196274392428142669324782930114707708221309
74675760453100314479466394352131560788988170287992112376896942174802
44332544354215990892512581961771197524681022244182252
54764168096172093644200569302517645846451705302513714125587743831533558810736482247251602299389914
173268294965175323640294335589373776260672759672757728
1631205361918684157662595420594227417205232782148345915048477834561434940728323
2513077381684055679400028173024563144295275657957790069550252
574308212878661939646658400283625946738522269900376551528790032472595692
51468327799859
25767719598836184194
830964877948797981497590084274287093014525750864536304529
81491939786138319366229537095301395694464851264
09742438830749104343324489304263814041
0549406709545709875509866759742360260801680404665004913814297946906572913613124744
249190585424240634248163099821291880612863572077194551637814762360108369262381879
078345715535725115713863713790790617472459234120363431745
7976
81135613757880938390359308241
9628819842538906347815329042134706659438025236629300860415894781512788065159084545454301329196867504
882084173544096086928041007852591952534103
381908343606019518724789210932489244033550
7070072974754613664322274432111319932138880678454994529300554860530385883630697
4045494278698868686211158024969711924768047
52269792087953609616150009961
73870348
483751543204915357526807747465712399051014615
723451249693630729609600356513855974738484724683539115543596197294049173
87534105397290252070795531445610930868011894291240498798443222450
3763616645570561001883449833551668982576618816261994255016811533459132956710422
431150061277104845
21489765018305104718
8929181105
60186161053069754375315917765853785295
5853415920107823896459884
74992743586574529343741571272745102706655214
8764
97951896201142644573796947505041872374986336468479239579666966348656779
38979560737783385553124700723345403380
04434296547790593652579856992558145055831509935465198798072445470081641
16977102076430084864011489307806
2378081258696257552760117559567878196163108385278153481700047
287087350521462756182379655634529451252808370222911132015186138953592
926035092908172465958224541950573878389280625738117261490354122251712433550400782
501687835828951429746123819046314333938415508478133520080872913770890748862295696
0657
5216664012513547464226805313924535886382583839339369842563807404868425210732048752675769784158
09390151416177528579548305511463689883526748505093614148046635966794161847
3202950927916165286483444610798745
812410695033330298472637782461486138848488377509844300
35399416228237394601957679715506
583565319093911430705187684126623838966286985386255
195601458455841387409647
78055516801192743081145188578313330116743756753
17843257703406608896838176808847935149064832642085730374400776404470264
56157
1047082717273853229907981952986864990771794769467324919182421959
54226126884079552519774764158853824469682798843832496653785121511775892608
667110084182678422513140261453696928627908952994991388917609694818213462423191231834789262590880
83
59855222
17025159955284421043851370091955759
72001489199878713034171
5165755972974
9358099428881878184828157507744614235658157551045951211273564027899
208374135658423398773918507161516752962299356502314434952109645350101892006494063984122747450078291
71081126316800981852465657528395653867396766
422480318581146076167786610176956200385115
6106010760875293101998109
6576600397751638286945497932781286872222420446874175632503912928
4448731329848066337703995381880422411
1022429049219423386654377838099469787330400
159976217469484188691151252014225
85462396402737639490885034460244379695835037817749633298307709023279234627026636781494913512758184
7793090494056804219111158
9248710686237113855915224958547687360507225741458731765273004521848444
143871318417206650347
5645938243295525413365520583642085790492500113220854915388671098618431378580753704
78372821809738729719102862791476260141004083913372589239962384
9219817501320266
19565492224815853542515170638666645796
0053872246073412103538693817984003080
383654521256376825790700815001553644059267228017147514902262491202265217
534745974276646118342624987856992379740651176648143176625715644145335320375949531491461038647
666072418960797764121473990188450
026808273352368116561197848819641905077449377912321565870786
496174550953644605730437824541563792415474228330068226235608906337504698430308407059563779953
928553275015907772278641913645893299882915330837230240798068744565378560372327010410882555350
90549102249994008603227
300826378095251906441453411832459702792092948084
465312582
60889120956082423424126110642507466099115164972117687
09344984253373470815690526283293372132183736437555625967
728269203695932780162365820597224430753714107784901170927798734672411843018606
377981
05232813981273926510674
88596736625680197964
5204777913693631047127479750034584583101533925677816645799663550411792357981254
941491661802993013241242921461515439691023518378040009673598038786660397
8419585169617850950059299761251807822778252590654862
71298830636351100161004281801349904176510999095713780170243
580928399052310949700099153602172191389678276006997559228971083185
75557355732822084610421445829898140
3359301726480821614830743120883210937653471140033979029853048569389582708457896530648784685922177
694268604920630333436963657185308583899382078237785976136353095299245132340925697
399282
41466240445737011468232643849563482656601739491701497947083852433686893689141
89703194189854128845826749472313521162924182155917833
56754
8075839059455194025218863440028853276118306713151900577040714029220719237975055859723686173726111124
214327356168998919143150548856111662004941985789954805279389408000622811481883607187769979
232016177547855343529315068293201792323410162996760645977917578173146
60200268945175341
275309191275633111319713085374630073936570928567978175457141950
1090150496543764943866401859750155459250373688580877949877538067913564684632872347146884355698941
862741031778
9388931705346172123957574261
133977190687675937375511352103120017847509336081841324994143271829765997084181
78130562065773106891290023490518308836912587803845862701726058376825580677
58
230326960503778848390178213950202532798311063841137821463990703176422805669442899965074722769464
50772139849419
45414876150611117597273875220
904124635405
9593734179134352759848238867704668301276470
095425
97274275859623064855869005561186534296061196116756258932911506728953086975028798296882426
303707772088018959132373797350837875834135806195900
969417700843123979187851224516141099042381366237097786939517952800993002285
1158695738028622912739852989750968522895322
1166972230747015186659193185914385416195727929893359767763415542419414667545298391157473595
441711643880469360387
23145216722666263364119168413046982530539021577605636818556335616815426617821024892570487648
0854353260227124658550367
5854339056494
1523484953283238042540436575243487509219733829412275260764266254931209278544665445
31572729808444234665247305806557874893871067860965315437503014256913443
48242700230869807484620586465744459787833021625421045513265776
3828734422940184627876086859
4016261120644167842754636217762716625164908729508716890919
35062528864836699862951725118447998507444720474423474417496049269919913359145253192483
00595895123482571316485451318465123389941944390836129501759734908241509956918290202
36665509365756087282955
